2016/11/14-22:20:34.571543 700002de7000 RocksDB version: 4.9.0
2016/11/14-22:20:34.571582 700002de7000 Git sha rocksdb_build_git_sha:a683d4aba9c1ba230248fc985b26208ee81bbc63
2016/11/14-22:20:34.571585 700002de7000 Compile date Aug 17 2016
2016/11/14-22:20:34.571586 700002de7000 DB SUMMARY
2016/11/14-22:20:34.571691 700002de7000 CURRENT file:  CURRENT
2016/11/14-22:20:34.571694 700002de7000 IDENTITY file:  IDENTITY
2016/11/14-22:20:34.571701 700002de7000 MANIFEST file:  MANIFEST-000085 size: 235 Bytes
2016/11/14-22:20:34.571703 700002de7000 SST files in db.test dir, Total Num: 2, files: 000082.sst 000084.sst 
2016/11/14-22:20:34.571705 700002de7000 Write Ahead Log file in db.test: 000086.log size: 1427500 ; 
2016/11/14-22:20:34.571709 700002de7000          Options.error_if_exists: 0
2016/11/14-22:20:34.571712 700002de7000        Options.create_if_missing: 1
2016/11/14-22:20:34.571714 700002de7000          Options.paranoid_checks: 1
2016/11/14-22:20:34.571715 700002de7000                      Options.env: 0x113202168
2016/11/14-22:20:34.571716 700002de7000                 Options.info_log: 0x7fefbc74e2b0
2016/11/14-22:20:34.571717 700002de7000           Options.max_open_files: -1
2016/11/14-22:20:34.571719 700002de7000 Options.max_file_opening_threads: 16
2016/11/14-22:20:34.571720 700002de7000       Options.max_total_wal_size: 0
2016/11/14-22:20:34.571721 700002de7000        Options.disableDataSync: 0
2016/11/14-22:20:34.571722 700002de7000              Options.use_fsync: 0
2016/11/14-22:20:34.571723 700002de7000      Options.max_log_file_size: 0
2016/11/14-22:20:34.571724 700002de7000 Options.max_manifest_file_size: 18446744073709551615
2016/11/14-22:20:34.571726 700002de7000      Options.log_file_time_to_roll: 0
2016/11/14-22:20:34.571727 700002de7000      Options.keep_log_file_num: 1000
2016/11/14-22:20:34.571728 700002de7000   Options.recycle_log_file_num: 0
2016/11/14-22:20:34.571729 700002de7000        Options.allow_os_buffer: 1
2016/11/14-22:20:34.571730 700002de7000       Options.allow_mmap_reads: 0
2016/11/14-22:20:34.571731 700002de7000       Options.allow_fallocate: 1
2016/11/14-22:20:34.571732 700002de7000      Options.allow_mmap_writes: 0
2016/11/14-22:20:34.571734 700002de7000          Options.create_missing_column_families: 0
2016/11/14-22:20:34.571735 700002de7000                              Options.db_log_dir: 
2016/11/14-22:20:34.571736 700002de7000                                 Options.wal_dir: db.test
2016/11/14-22:20:34.571737 700002de7000                Options.table_cache_numshardbits: 6
2016/11/14-22:20:34.571738 700002de7000     Options.delete_obsolete_files_period_micros: 21600000000
2016/11/14-22:20:34.571740 700002de7000              Options.base_background_compactions: 1
2016/11/14-22:20:34.571741 700002de7000              Options.max_background_compactions: 1
2016/11/14-22:20:34.571742 700002de7000                      Options.max_subcompactions: 1
2016/11/14-22:20:34.571745 700002de7000                  Options.max_background_flushes: 1
2016/11/14-22:20:34.571746 700002de7000                         Options.WAL_ttl_seconds: 0
2016/11/14-22:20:34.571747 700002de7000                       Options.WAL_size_limit_MB: 0
2016/11/14-22:20:34.571749 700002de7000             Options.manifest_preallocation_size: 4194304
2016/11/14-22:20:34.571750 700002de7000                          Options.allow_os_buffer: 1
2016/11/14-22:20:34.571751 700002de7000                         Options.allow_mmap_reads: 0
2016/11/14-22:20:34.571752 700002de7000                        Options.allow_mmap_writes: 0
2016/11/14-22:20:34.571753 700002de7000                      Options.is_fd_close_on_exec: 1
2016/11/14-22:20:34.571754 700002de7000                    Options.stats_dump_period_sec: 600
2016/11/14-22:20:34.571756 700002de7000                    Options.advise_random_on_open: 1
2016/11/14-22:20:34.571757 700002de7000                     Options.db_write_buffer_size: 0d
2016/11/14-22:20:34.571758 700002de7000          Options.access_hint_on_compaction_start: NORMAL
2016/11/14-22:20:34.571759 700002de7000   Options.new_table_reader_for_compaction_inputs: 0
2016/11/14-22:20:34.571760 700002de7000                Options.compaction_readahead_size: 0d
2016/11/14-22:20:34.571774 700002de7000                Options.random_access_max_buffer_size: 1048576d
2016/11/14-22:20:34.571776 700002de7000               Options.writable_file_max_buffer_size: 1048576d
2016/11/14-22:20:34.571777 700002de7000                       Options.use_adaptive_mutex: 0
2016/11/14-22:20:34.571778 700002de7000                             Options.rate_limiter: 0x0
2016/11/14-22:20:34.571780 700002de7000      Options.sst_file_manager.rate_bytes_per_sec: 0
2016/11/14-22:20:34.571781 700002de7000                           Options.bytes_per_sync: 0
2016/11/14-22:20:34.571782 700002de7000                       Options.wal_bytes_per_sync: 0
2016/11/14-22:20:34.571783 700002de7000                        Options.wal_recovery_mode: 2
2016/11/14-22:20:34.571784 700002de7000                   Options.enable_thread_tracking: 0
2016/11/14-22:20:34.571785 700002de7000          Options.allow_concurrent_memtable_write: 0
2016/11/14-22:20:34.571787 700002de7000       Options.enable_write_thread_adaptive_yield: 0
2016/11/14-22:20:34.571788 700002de7000              Options.write_thread_max_yield_usec: 100
2016/11/14-22:20:34.571789 700002de7000             Options.write_thread_slow_yield_usec: 3
2016/11/14-22:20:34.571790 700002de7000                                Options.row_cache: None
2016/11/14-22:20:34.571791 700002de7000        Options.wal_filter: None
2016/11/14-22:20:34.571793 700002de7000 Compression algorithms supported:
2016/11/14-22:20:34.571794 700002de7000 	Snappy supported: 1
2016/11/14-22:20:34.571795 700002de7000 	Zlib supported: 1
2016/11/14-22:20:34.571796 700002de7000 	Bzip supported: 1
2016/11/14-22:20:34.571797 700002de7000 	LZ4 supported: 1
2016/11/14-22:20:34.571799 700002de7000 Fast CRC32 supported: 0
2016/11/14-22:20:34.572150 700002de7000 Recovering from manifest file: MANIFEST-000085
2016/11/14-22:20:34.572220 700002de7000 --------------- Options for column family [default]:
2016/11/14-22:20:34.572228 700002de7000               Options.comparator: rocksdb.InternalKeyComparator:leveldb.BytewiseComparator
2016/11/14-22:20:34.572231 700002de7000           Options.merge_operator: None
2016/11/14-22:20:34.572233 700002de7000        Options.compaction_filter: None
2016/11/14-22:20:34.572235 700002de7000        Options.compaction_filter_factory: None
2016/11/14-22:20:34.572237 700002de7000         Options.memtable_factory: SkipListFactory
2016/11/14-22:20:34.572239 700002de7000            Options.table_factory: BlockBasedTable
2016/11/14-22:20:34.572256 700002de7000            table_factory options:   flush_block_policy_factory: FlushBlockBySizePolicyFactory (0x7fefbc74b9b0)
  cache_index_and_filter_blocks: 0
  pin_l0_filter_and_index_blocks_in_cache: 0
  index_type: 0
  hash_index_allow_collision: 1
  checksum: 1
  no_block_cache: 0
  block_cache: 0x7fefbc74c0b8
  block_cache_size: 8388608
  block_cache_compressed: 0x0
  block_size: 4096
  block_size_deviation: 10
  block_restart_interval: 16
  index_block_restart_interval: 1
  filter_policy: nullptr
  whole_key_filtering: 1
  skip_table_builder_flush: 0
  format_version: 2
2016/11/14-22:20:34.572262 700002de7000        Options.write_buffer_size: 67108864
2016/11/14-22:20:34.572264 700002de7000  Options.max_write_buffer_number: 2
2016/11/14-22:20:34.572267 700002de7000          Options.compression: Snappy
2016/11/14-22:20:34.572269 700002de7000                  Options.bottommost_compression: Disabled
2016/11/14-22:20:34.572271 700002de7000       Options.prefix_extractor: nullptr
2016/11/14-22:20:34.572273 700002de7000             Options.num_levels: 7
2016/11/14-22:20:34.572275 700002de7000        Options.min_write_buffer_number_to_merge: 1
2016/11/14-22:20:34.572277 700002de7000     Options.max_write_buffer_number_to_maintain: 0
2016/11/14-22:20:34.572279 700002de7000            Options.compression_opts.window_bits: -14
2016/11/14-22:20:34.572281 700002de7000                  Options.compression_opts.level: -1
2016/11/14-22:20:34.572289 700002de7000               Options.compression_opts.strategy: 0
2016/11/14-22:20:34.572309 700002de7000         Options.compression_opts.max_dict_bytes: 0
2016/11/14-22:20:34.572311 700002de7000      Options.level0_file_num_compaction_trigger: 4
2016/11/14-22:20:34.572313 700002de7000          Options.level0_slowdown_writes_trigger: 20
2016/11/14-22:20:34.572314 700002de7000              Options.level0_stop_writes_trigger: 24
2016/11/14-22:20:34.572315 700002de7000                   Options.target_file_size_base: 67108864
2016/11/14-22:20:34.572316 700002de7000             Options.target_file_size_multiplier: 1
2016/11/14-22:20:34.572317 700002de7000                Options.max_bytes_for_level_base: 268435456
2016/11/14-22:20:34.572319 700002de7000 Options.level_compaction_dynamic_level_bytes: 0
2016/11/14-22:20:34.572320 700002de7000          Options.max_bytes_for_level_multiplier: 10
2016/11/14-22:20:34.572321 700002de7000 Options.max_bytes_for_level_multiplier_addtl[0]: 1
2016/11/14-22:20:34.572323 700002de7000 Options.max_bytes_for_level_multiplier_addtl[1]: 1
2016/11/14-22:20:34.572324 700002de7000 Options.max_bytes_for_level_multiplier_addtl[2]: 1
2016/11/14-22:20:34.572325 700002de7000 Options.max_bytes_for_level_multiplier_addtl[3]: 1
2016/11/14-22:20:34.572326 700002de7000 Options.max_bytes_for_level_multiplier_addtl[4]: 1
2016/11/14-22:20:34.572327 700002de7000 Options.max_bytes_for_level_multiplier_addtl[5]: 1
2016/11/14-22:20:34.572329 700002de7000 Options.max_bytes_for_level_multiplier_addtl[6]: 1
2016/11/14-22:20:34.572330 700002de7000       Options.max_sequential_skip_in_iterations: 8
2016/11/14-22:20:34.572331 700002de7000              Options.expanded_compaction_factor: 25
2016/11/14-22:20:34.572332 700002de7000                Options.source_compaction_factor: 1
2016/11/14-22:20:34.572333 700002de7000          Options.max_grandparent_overlap_factor: 10
2016/11/14-22:20:34.572334 700002de7000                        Options.arena_block_size: 8388608
2016/11/14-22:20:34.572336 700002de7000   Options.soft_pending_compaction_bytes_limit: 68719476736
2016/11/14-22:20:34.572337 700002de7000   Options.hard_pending_compaction_bytes_limit: 274877906944
2016/11/14-22:20:34.572338 700002de7000       Options.rate_limit_delay_max_milliseconds: 1000
2016/11/14-22:20:34.572339 700002de7000                Options.disable_auto_compactions: 0
2016/11/14-22:20:34.572341 700002de7000                           Options.filter_deletes: 0
2016/11/14-22:20:34.572342 700002de7000           Options.verify_checksums_in_compaction: 1
2016/11/14-22:20:34.572343 700002de7000                         Options.compaction_style: 0
2016/11/14-22:20:34.572344 700002de7000                           Options.compaction_pri: 0
2016/11/14-22:20:34.572345 700002de7000  Options.compaction_options_universal.size_ratio: 1
2016/11/14-22:20:34.572346 700002de7000 Options.compaction_options_universal.min_merge_width: 2
2016/11/14-22:20:34.572347 700002de7000 Options.compaction_options_universal.max_merge_width: 4294967295
2016/11/14-22:20:34.572349 700002de7000 Options.compaction_options_universal.max_size_amplification_percent: 200
2016/11/14-22:20:34.572350 700002de7000 Options.compaction_options_universal.compression_size_percent: -1
2016/11/14-22:20:34.572351 700002de7000 Options.compaction_options_fifo.max_table_files_size: 1073741824
2016/11/14-22:20:34.572352 700002de7000                   Options.table_properties_collectors: 
2016/11/14-22:20:34.572354 700002de7000                   Options.inplace_update_support: 0
2016/11/14-22:20:34.572355 700002de7000                 Options.inplace_update_num_locks: 10000
2016/11/14-22:20:34.572356 700002de7000               Options.min_partial_merge_operands: 2
2016/11/14-22:20:34.572357 700002de7000               Options.memtable_prefix_bloom_bits: 0
2016/11/14-22:20:34.572358 700002de7000             Options.memtable_prefix_bloom_probes: 6
2016/11/14-22:20:34.572359 700002de7000   Options.memtable_prefix_bloom_huge_page_tlb_size: 0
2016/11/14-22:20:34.572361 700002de7000                           Options.bloom_locality: 0
2016/11/14-22:20:34.572362 700002de7000                    Options.max_successive_merges: 0
2016/11/14-22:20:34.572370 700002de7000                Options.optimize_filters_for_hits: 0
2016/11/14-22:20:34.572371 700002de7000                Options.paranoid_file_checks: 0
2016/11/14-22:20:34.572372 700002de7000                Options.report_bg_io_stats: 0
2016/11/14-22:20:34.573515 700002de7000 Recovered from manifest file:db.test/MANIFEST-000085 succeeded,manifest_file_number is 85, next_file_number is 87, last_sequence is 537621, log_number is 0,prev_log_number is 0,max_column_family is 0
2016/11/14-22:20:34.573523 700002de7000 Column family [default] (ID 0), log number is 80
2016/11/14-22:20:34.573658 700002de7000 EVENT_LOG_v1 {"time_micros": 1479183634573647, "job": 1, "event": "recovery_started", "log_files": [86]}
2016/11/14-22:20:34.573678 700002de7000 Recovering log #86 mode 2 skip-recovery 0
2016/11/14-22:20:34.614576 700002de7000 EVENT_LOG_v1 {"time_micros": 1479183634614562, "cf_name": "default", "job": 1, "event": "table_file_creation", "file_number": 87, "file_size": 12695, "table_properties": {"data_size": 11712, "index_size": 289, "filter_size": 0, "raw_key_size": 44587, "raw_average_key_size": 37, "raw_value_size": 2698, "raw_average_value_size": 2, "num_data_blocks": 6, "num_entries": 1189, "filter_policy_name": "", "kDeletedKeys": "0", "kMergeOperands": "0"}}
2016/11/14-22:20:34.614889 700002de7000 Creating manifest 88
2016/11/14-22:20:34.615518 700002de7000 EVENT_LOG_v1 {"time_micros": 1479183634615514, "job": 1, "event": "recovery_finished"}
2016/11/14-22:20:34.617296 700002de7000 DB pointer 0x7fefbe09ac00
