2016/11/14-22:11:42.564142 70000d2be000 RocksDB version: 4.9.0
2016/11/14-22:11:42.564203 70000d2be000 Git sha rocksdb_build_git_sha:a683d4aba9c1ba230248fc985b26208ee81bbc63
2016/11/14-22:11:42.564208 70000d2be000 Compile date Aug 17 2016
2016/11/14-22:11:42.564211 70000d2be000 DB SUMMARY
2016/11/14-22:11:42.564316 70000d2be000 CURRENT file:  CURRENT
2016/11/14-22:11:42.564320 70000d2be000 IDENTITY file:  IDENTITY
2016/11/14-22:11:42.564328 70000d2be000 MANIFEST file:  MANIFEST-000014 size: 524 Bytes
2016/11/14-22:11:42.564332 70000d2be000 SST files in db.test dir, Total Num: 1, files: 000018.sst 
2016/11/14-22:11:42.564335 70000d2be000 Write Ahead Log file in db.test: 000015.log size: 1427500 ; 
2016/11/14-22:11:42.564340 70000d2be000          Options.error_if_exists: 0
2016/11/14-22:11:42.564345 70000d2be000        Options.create_if_missing: 1
2016/11/14-22:11:42.564347 70000d2be000          Options.paranoid_checks: 1
2016/11/14-22:11:42.564349 70000d2be000                      Options.env: 0x119aa7168
2016/11/14-22:11:42.564351 70000d2be000                 Options.info_log: 0x7fecb7629540
2016/11/14-22:11:42.564353 70000d2be000           Options.max_open_files: -1
2016/11/14-22:11:42.564356 70000d2be000 Options.max_file_opening_threads: 16
2016/11/14-22:11:42.564358 70000d2be000       Options.max_total_wal_size: 0
2016/11/14-22:11:42.564360 70000d2be000        Options.disableDataSync: 0
2016/11/14-22:11:42.564362 70000d2be000              Options.use_fsync: 0
2016/11/14-22:11:42.564364 70000d2be000      Options.max_log_file_size: 0
2016/11/14-22:11:42.564366 70000d2be000 Options.max_manifest_file_size: 18446744073709551615
2016/11/14-22:11:42.564368 70000d2be000      Options.log_file_time_to_roll: 0
2016/11/14-22:11:42.564371 70000d2be000      Options.keep_log_file_num: 1000
2016/11/14-22:11:42.564373 70000d2be000   Options.recycle_log_file_num: 0
2016/11/14-22:11:42.564375 70000d2be000        Options.allow_os_buffer: 1
2016/11/14-22:11:42.564377 70000d2be000       Options.allow_mmap_reads: 0
2016/11/14-22:11:42.564379 70000d2be000       Options.allow_fallocate: 1
2016/11/14-22:11:42.564381 70000d2be000      Options.allow_mmap_writes: 0
2016/11/14-22:11:42.564383 70000d2be000          Options.create_missing_column_families: 0
2016/11/14-22:11:42.564386 70000d2be000                              Options.db_log_dir: 
2016/11/14-22:11:42.564388 70000d2be000                                 Options.wal_dir: db.test
2016/11/14-22:11:42.564390 70000d2be000                Options.table_cache_numshardbits: 6
2016/11/14-22:11:42.564393 70000d2be000     Options.delete_obsolete_files_period_micros: 21600000000
2016/11/14-22:11:42.564395 70000d2be000              Options.base_background_compactions: 1
2016/11/14-22:11:42.564397 70000d2be000              Options.max_background_compactions: 1
2016/11/14-22:11:42.564399 70000d2be000                      Options.max_subcompactions: 1
2016/11/14-22:11:42.564404 70000d2be000                  Options.max_background_flushes: 1
2016/11/14-22:11:42.564406 70000d2be000                         Options.WAL_ttl_seconds: 0
2016/11/14-22:11:42.564408 70000d2be000                       Options.WAL_size_limit_MB: 0
2016/11/14-22:11:42.564410 70000d2be000             Options.manifest_preallocation_size: 4194304
2016/11/14-22:11:42.564412 70000d2be000                          Options.allow_os_buffer: 1
2016/11/14-22:11:42.564414 70000d2be000                         Options.allow_mmap_reads: 0
2016/11/14-22:11:42.564416 70000d2be000                        Options.allow_mmap_writes: 0
2016/11/14-22:11:42.564419 70000d2be000                      Options.is_fd_close_on_exec: 1
2016/11/14-22:11:42.564421 70000d2be000                    Options.stats_dump_period_sec: 600
2016/11/14-22:11:42.564423 70000d2be000                    Options.advise_random_on_open: 1
2016/11/14-22:11:42.564425 70000d2be000                     Options.db_write_buffer_size: 0d
2016/11/14-22:11:42.564427 70000d2be000          Options.access_hint_on_compaction_start: NORMAL
2016/11/14-22:11:42.564429 70000d2be000   Options.new_table_reader_for_compaction_inputs: 0
2016/11/14-22:11:42.564432 70000d2be000                Options.compaction_readahead_size: 0d
2016/11/14-22:11:42.564451 70000d2be000                Options.random_access_max_buffer_size: 1048576d
2016/11/14-22:11:42.564454 70000d2be000               Options.writable_file_max_buffer_size: 1048576d
2016/11/14-22:11:42.564456 70000d2be000                       Options.use_adaptive_mutex: 0
2016/11/14-22:11:42.564458 70000d2be000                             Options.rate_limiter: 0x0
2016/11/14-22:11:42.564460 70000d2be000      Options.sst_file_manager.rate_bytes_per_sec: 0
2016/11/14-22:11:42.564463 70000d2be000                           Options.bytes_per_sync: 0
2016/11/14-22:11:42.564465 70000d2be000                       Options.wal_bytes_per_sync: 0
2016/11/14-22:11:42.564467 70000d2be000                        Options.wal_recovery_mode: 2
2016/11/14-22:11:42.564469 70000d2be000                   Options.enable_thread_tracking: 0
2016/11/14-22:11:42.564471 70000d2be000          Options.allow_concurrent_memtable_write: 0
2016/11/14-22:11:42.564473 70000d2be000       Options.enable_write_thread_adaptive_yield: 0
2016/11/14-22:11:42.564475 70000d2be000              Options.write_thread_max_yield_usec: 100
2016/11/14-22:11:42.564477 70000d2be000             Options.write_thread_slow_yield_usec: 3
2016/11/14-22:11:42.564480 70000d2be000                                Options.row_cache: None
2016/11/14-22:11:42.564482 70000d2be000        Options.wal_filter: None
2016/11/14-22:11:42.564484 70000d2be000 Compression algorithms supported:
2016/11/14-22:11:42.564486 70000d2be000 	Snappy supported: 1
2016/11/14-22:11:42.564488 70000d2be000 	Zlib supported: 1
2016/11/14-22:11:42.564491 70000d2be000 	Bzip supported: 1
2016/11/14-22:11:42.564492 70000d2be000 	LZ4 supported: 1
2016/11/14-22:11:42.564495 70000d2be000 Fast CRC32 supported: 0
2016/11/14-22:11:42.565106 70000d2be000 Recovering from manifest file: MANIFEST-000014
2016/11/14-22:11:42.565189 70000d2be000 --------------- Options for column family [default]:
2016/11/14-22:11:42.565201 70000d2be000               Options.comparator: rocksdb.InternalKeyComparator:leveldb.BytewiseComparator
2016/11/14-22:11:42.565203 70000d2be000           Options.merge_operator: None
2016/11/14-22:11:42.565206 70000d2be000        Options.compaction_filter: None
2016/11/14-22:11:42.565208 70000d2be000        Options.compaction_filter_factory: None
2016/11/14-22:11:42.565210 70000d2be000         Options.memtable_factory: SkipListFactory
2016/11/14-22:11:42.565212 70000d2be000            Options.table_factory: BlockBasedTable
2016/11/14-22:11:42.565234 70000d2be000            table_factory options:   flush_block_policy_factory: FlushBlockBySizePolicyFactory (0x7fecb7625ee0)
  cache_index_and_filter_blocks: 0
  pin_l0_filter_and_index_blocks_in_cache: 0
  index_type: 0
  hash_index_allow_collision: 1
  checksum: 1
  no_block_cache: 0
  block_cache: 0x7fecb7627148
  block_cache_size: 8388608
  block_cache_compressed: 0x0
  block_size: 4096
  block_size_deviation: 10
  block_restart_interval: 16
  index_block_restart_interval: 1
  filter_policy: nullptr
  whole_key_filtering: 1
  skip_table_builder_flush: 0
  format_version: 2
2016/11/14-22:11:42.565242 70000d2be000        Options.write_buffer_size: 67108864
2016/11/14-22:11:42.565244 70000d2be000  Options.max_write_buffer_number: 2
2016/11/14-22:11:42.565247 70000d2be000          Options.compression: Snappy
2016/11/14-22:11:42.565249 70000d2be000                  Options.bottommost_compression: Disabled
2016/11/14-22:11:42.565251 70000d2be000       Options.prefix_extractor: nullptr
2016/11/14-22:11:42.565253 70000d2be000             Options.num_levels: 7
2016/11/14-22:11:42.565255 70000d2be000        Options.min_write_buffer_number_to_merge: 1
2016/11/14-22:11:42.565257 70000d2be000     Options.max_write_buffer_number_to_maintain: 0
2016/11/14-22:11:42.565259 70000d2be000            Options.compression_opts.window_bits: -14
2016/11/14-22:11:42.565261 70000d2be000                  Options.compression_opts.level: -1
2016/11/14-22:11:42.565263 70000d2be000               Options.compression_opts.strategy: 0
2016/11/14-22:11:42.565291 70000d2be000         Options.compression_opts.max_dict_bytes: 0
2016/11/14-22:11:42.565294 70000d2be000      Options.level0_file_num_compaction_trigger: 4
2016/11/14-22:11:42.565295 70000d2be000          Options.level0_slowdown_writes_trigger: 20
2016/11/14-22:11:42.565297 70000d2be000              Options.level0_stop_writes_trigger: 24
2016/11/14-22:11:42.565299 70000d2be000                   Options.target_file_size_base: 67108864
2016/11/14-22:11:42.565301 70000d2be000             Options.target_file_size_multiplier: 1
2016/11/14-22:11:42.565303 70000d2be000                Options.max_bytes_for_level_base: 268435456
2016/11/14-22:11:42.565304 70000d2be000 Options.level_compaction_dynamic_level_bytes: 0
2016/11/14-22:11:42.565306 70000d2be000          Options.max_bytes_for_level_multiplier: 10
2016/11/14-22:11:42.565308 70000d2be000 Options.max_bytes_for_level_multiplier_addtl[0]: 1
2016/11/14-22:11:42.565310 70000d2be000 Options.max_bytes_for_level_multiplier_addtl[1]: 1
2016/11/14-22:11:42.565312 70000d2be000 Options.max_bytes_for_level_multiplier_addtl[2]: 1
2016/11/14-22:11:42.565314 70000d2be000 Options.max_bytes_for_level_multiplier_addtl[3]: 1
2016/11/14-22:11:42.565315 70000d2be000 Options.max_bytes_for_level_multiplier_addtl[4]: 1
2016/11/14-22:11:42.565317 70000d2be000 Options.max_bytes_for_level_multiplier_addtl[5]: 1
2016/11/14-22:11:42.565318 70000d2be000 Options.max_bytes_for_level_multiplier_addtl[6]: 1
2016/11/14-22:11:42.565320 70000d2be000       Options.max_sequential_skip_in_iterations: 8
2016/11/14-22:11:42.565322 70000d2be000              Options.expanded_compaction_factor: 25
2016/11/14-22:11:42.565323 70000d2be000                Options.source_compaction_factor: 1
2016/11/14-22:11:42.565325 70000d2be000          Options.max_grandparent_overlap_factor: 10
2016/11/14-22:11:42.565327 70000d2be000                        Options.arena_block_size: 8388608
2016/11/14-22:11:42.565329 70000d2be000   Options.soft_pending_compaction_bytes_limit: 68719476736
2016/11/14-22:11:42.565331 70000d2be000   Options.hard_pending_compaction_bytes_limit: 274877906944
2016/11/14-22:11:42.565333 70000d2be000       Options.rate_limit_delay_max_milliseconds: 1000
2016/11/14-22:11:42.565335 70000d2be000                Options.disable_auto_compactions: 0
2016/11/14-22:11:42.565337 70000d2be000                           Options.filter_deletes: 0
2016/11/14-22:11:42.565339 70000d2be000           Options.verify_checksums_in_compaction: 1
2016/11/14-22:11:42.565341 70000d2be000                         Options.compaction_style: 0
2016/11/14-22:11:42.565343 70000d2be000                           Options.compaction_pri: 0
2016/11/14-22:11:42.565345 70000d2be000  Options.compaction_options_universal.size_ratio: 1
2016/11/14-22:11:42.565347 70000d2be000 Options.compaction_options_universal.min_merge_width: 2
2016/11/14-22:11:42.565349 70000d2be000 Options.compaction_options_universal.max_merge_width: 4294967295
2016/11/14-22:11:42.565351 70000d2be000 Options.compaction_options_universal.max_size_amplification_percent: 200
2016/11/14-22:11:42.565354 70000d2be000 Options.compaction_options_universal.compression_size_percent: -1
2016/11/14-22:11:42.565356 70000d2be000 Options.compaction_options_fifo.max_table_files_size: 1073741824
2016/11/14-22:11:42.565358 70000d2be000                   Options.table_properties_collectors: 
2016/11/14-22:11:42.565360 70000d2be000                   Options.inplace_update_support: 0
2016/11/14-22:11:42.565362 70000d2be000                 Options.inplace_update_num_locks: 10000
2016/11/14-22:11:42.565364 70000d2be000               Options.min_partial_merge_operands: 2
2016/11/14-22:11:42.565366 70000d2be000               Options.memtable_prefix_bloom_bits: 0
2016/11/14-22:11:42.565368 70000d2be000             Options.memtable_prefix_bloom_probes: 6
2016/11/14-22:11:42.565370 70000d2be000   Options.memtable_prefix_bloom_huge_page_tlb_size: 0
2016/11/14-22:11:42.565372 70000d2be000                           Options.bloom_locality: 0
2016/11/14-22:11:42.565374 70000d2be000                    Options.max_successive_merges: 0
2016/11/14-22:11:42.565390 70000d2be000                Options.optimize_filters_for_hits: 0
2016/11/14-22:11:42.565392 70000d2be000                Options.paranoid_file_checks: 0
2016/11/14-22:11:42.565394 70000d2be000                Options.report_bg_io_stats: 0
2016/11/14-22:11:42.566530 70000d2be000 Recovered from manifest file:db.test/MANIFEST-000014 succeeded,manifest_file_number is 14, next_file_number is 20, last_sequence is 102417, log_number is 0,prev_log_number is 0,max_column_family is 0
2016/11/14-22:11:42.566542 70000d2be000 Column family [default] (ID 0), log number is 13
2016/11/14-22:11:42.566711 70000d2be000 EVENT_LOG_v1 {"time_micros": 1479183102566697, "job": 1, "event": "recovery_started", "log_files": [15]}
2016/11/14-22:11:42.566730 70000d2be000 Recovering log #15 mode 2 skip-recovery 0
2016/11/14-22:11:42.611676 70000d2be000 EVENT_LOG_v1 {"time_micros": 1479183102611612, "cf_name": "default", "job": 1, "event": "table_file_creation", "file_number": 20, "file_size": 12772, "table_properties": {"data_size": 11785, "index_size": 289, "filter_size": 0, "raw_key_size": 44587, "raw_average_key_size": 37, "raw_value_size": 2698, "raw_average_value_size": 2, "num_data_blocks": 6, "num_entries": 1189, "filter_policy_name": "", "kDeletedKeys": "0", "kMergeOperands": "0"}}
2016/11/14-22:11:42.613017 70000d2be000 Creating manifest 21
2016/11/14-22:11:42.615484 70000d2be000 EVENT_LOG_v1 {"time_micros": 1479183102615475, "job": 1, "event": "recovery_finished"}
2016/11/14-22:11:42.617170 70000d2be000 DB pointer 0x7fecb8041400
